v2.0 raw
20010005
00000000
00000000
00000000
34220003
00000000
00000000
00000000
3043FFFF
00000000
00000000
00000000
00612020
00000000
00000000
00000000
00432822
00000000
00000000
00000000
00243024
00000000
00000000
00000000
ACA40064
00000000
00000000
00000000
8C070064
00000000
00000000
00000000
0022402A
00000000
00000000
00000000
00064A80
00000000
00000000
00000000
00095942
00000000
00000000
00000000
10080003
00000000
00000000
00000000
0041402A
00000000
00000000
00000000
00225027
00000000
00000000
00000000
1008FFFC
00000000
00000000
00000000
08000011
00000000
00000000
00000000
08000010
00000000
00000000
00000000
20210001
00000000
00000000
00000000
00210820
00000000
00000000
00000000
08000010
00000000
00000000
00000000
20010064
00000000
00000000
00000000
08000015
00000000
00000000
00000000